0,68,66,61,79,4,11,46,39,2111,9149
1,74,29,96,17,1,17,38,44,375,7032
2,4,26,56,44,39,21,2,38,2105,4596
3,28,79,44,30,15,71,5,9,5300,5946
4,73,16,85,40,26,41,16,17,4208,6942
5,70,24,84,28,6,10,29,55,2996,9500
6,26,33,92,67,42,13,7,38,1907,1938
7,91,77,54,47,33,37,10,20,3001,4210
8,52,94,5,67,1,42,13,44,7769,8194
9,61,84,61,29,74,11,2,13,712,1320
10,80,6,32,88,24,5,55,16,5976,6809
11,88,97,39,8,13,10,56,21,713,3895
12,28,20,90,53,81,2,1,16,3379,4618
13,64,65,7,34,1,39,54,6,716,4909
14,34,6,52,56,25,47,8,20,245,5150
15,22,37,67,95,80,5,12,3,4894,7948
16,51,96,70,87,2,11,67,20,402,1964
17,9,33,53,79,26,47,5,22,3202,4490
18,65,62,57,11,42,4,20,34,5251,9003
19,3,41,65,99,21,13,30,36,2600,8207
20,9,39,21,19,41,10,42,7,4782,5251
21,65,18,31,65,33,1,38,28,330,7967
22,25,22,32,55,23,10,33,34,601,6090
23,90,68,67,75,15,20,45,20,2758,9284
24,73,45,3,98,40,20,39,1,6052,7512
25,89,85,37,13,3,13,71,13,3325,5128
26,24,57,18,63,25,54,8,13,1870,9871
27,37,2,3,97,14,54,4,28,8792,8931
28,12,34,46,42,29,17,22,32,108,575
29,13,50,71,74,23,16,37,24,5805,9807
30,23,23,4,95,46,1,46,7,3108,3315
31,41,50,71,66,5,56,34,5,4943,6842
32,29,44,89,70,46,12,18,24,461,6789
33,5,67,89,7,35,10,48,7,4980,7112
34,23,19,4,78,5,65,24,6,284,5267
35,16,25,14,21,9,24,31,36,6644,7926
36,3,78,5,98,5,14,53,28,3321,7081
37,55,3,65,3,59,33,6,2,403,1568
38,24,41,71,7,2,3,58,37,5131,8636
39,80,85,24,54,40,19,9,32,1017,9563
40,4,40,8,34,16,34,1,49,785,2526
41,18,29,89,40,16,45,24,15,5315,5475
42,10,82,3,21,5,13,7,75,2910,3518
43,20,68,43,66,49,5,14,32,3027,4765
44,71,1,8,43,11,76,5,8,6479,7716
45,22,13,35,82,10,43,45,2,3202,8791
46,71,68,28,2,19,10,11,60,144,9583
47,1,82,95,38,23,8,42,27,2950,5037
48,30,80,8,34,35,4,12,49,2339,7310
49,95,70,16,87,38,43,14,5,8651,9675
50,69,25,59,86,53,4,14,29,1284,8621
51,94,25,25,23,35,10,20,35,3790,8138
52,84,95,95,36,29,5,19,47,5092,9618
53,78,64,12,67,12,59,20,9,3355,9537
54,66,14,49,39,74,3,10,13,1672,4084
55,72,8,71,5,2,74,20,4,1499,8075
56,32,9,80,33,39,16,32,13,1227,6433
57,56,75,42,3,4,34,8,54,1049,3114
58,47,25,48,71,6,23,61,10,6120,6140
59,34,94,4,34,1,7,46,46,4639,8382
60,21,32,44,19,13,2,83,2,1099,2013
61,76,18,37,68,6,4,1,89,4563,5407
62,10,81,80,62,58,18,17,7,787,5268
63,19,27,34,79,49,11,31,9,3149,3578
64,90,95,98,53,10,2,34,54,2634,4940
65,69,95,80,79,7,57,33,3,1209,8959
66,79,57,38,24,19,4,59,18,3854,8694
67,59,55,56,95,6,21,14,59,355,1987
68,1,15,69,1,36,53,7,4,5159,7141
69,11,97,38,11,16,29,10,45,7945,9365
70,89,18,44,27,32,7,11,50,329,3569
71,75,37,42,11,17,9,63,11,6068,8082
72,85,7,51,73,41,21,16,22,89,5495
73,13,98,19,64,22,6,68,4,4283,9285
74,78,3,21,25,7,62,26,5,3424,5296
75,55,34,10,72,31,4,41,24,4778,9908
76,55,14,8,15,9,52,20,19,2709,7565
77,56,10,28,7,22,15,18,45,2750,8526
78,69,56,19,9,13,58,9,20,5749,6377
79,86,66,97,40,67,6,13,14,240,4444
80,23,49,60,4,2,57,30,11,145,731
81,6,14,17,9,8,11,38,43,4198,8070
82,97,3,18,12,13,73,2,12,2075,2491
83,99,13,86,71,2,20,56,22,973,8288
84,5,23,10,65,23,31,37,9,298,9402
85,36,36,85,68,23,26,31,20,4441,5998
86,74,29,28,64,17,61,19,3,1557,9960
87,30,34,41,91,45,3,11,41,2763,6427
88,63,3,45,26,6,25,31,38,2122,5404
89,34,23,27,24,5,36,26,33,6770,7403
90,85,96,72,26,31,11,33,25,1642,6927
91,64,88,28,15,21,38,26,15,2018,3166
92,35,51,72,96,1,7,17,75,1270,1500
93,80,68,46,88,9,16,26,49,1098,5009
94,83,42,8,68,14,20,18,48,5621,5666
95,81,86,43,60,20,64,7,9,3782,7293
96,8,42,11,83,10,41,24,25,4015,9311
97,55,53,2,1,26,1,8,65,2328,3372
98,39,68,16,81,32,45,10,13,4657,4792
99,13,49,6,66,39,8,8,45,7847,9141
100,69,11,83,48,57,31,10,2,4765,9447
101,12,36,48,82,23,39,14,24,1546,9112
102,65,56,72,22,15,4,1,80,1341,5642
103,84,42,40,35,81,12,6,1,7200,7264
104,55,73,67,36,2,25,7,66,3866,8629
105,71,47,22,25,17,3,38,42,3481,8432
106,26,20,49,68,38,14,41,7,5412,8766
107,56,48,57,88,5,66,10,19,6983,7272
108,30,55,21,51,43,7,19,31,1917,3113
109,63,44,77,24,10,32,56,2,1450,9401
110,52,52,69,28,1,11,52,36,2380,6208
111,88,11,12,36,13,62,18,7,1749,5119
112,54,92,90,14,47,8,9,36,3868,8598
113,15,37,76,6,23,49,13,15,3258,5809
114,82,19,42,47,45,40,11,4,4972,5490
115,90,97,23,98,70,11,5,14,91,4152
116,30,85,96,22,21,32,35,12,2121,8937
117,95,16,98,15,85,10,4,1,3417,5280
118,21,77,43,98,22,2,6,70,4262,9363
119,42,20,23,33,50,36,6,8,6246,8908
120,68,68,81,4,29,2,55,14,4070,7433
121,98,91,35,81,33,34,2,31,7468,8280
122,97,63,81,21,6,30,41,23,582,3320
123,85,13,28,64,12,49,24,15,4611,5484
124,91,34,93,99,3,27,61,9,254,3815
125,5,78,3,57,10,58,9,23,5637,5787
126,6,23,91,82,3,22,34,41,511,5450
127,49,31,64,91,27,45,22,6,9331,9872
128,64,8,95,35,29,7,21,43,2438,5293
129,3,57,56,23,23,6,17,54,7602,8931
130,2,10,36,33,10,33,39,18,5821,6789
131,21,11,83,86,2,2,56,40,27,3935
132,44,83,43,79,6,41,22,31,6700,9266
133,85,38,4,57,15,13,19,53,1180,7279
134,20,95,67,94,15,23,49,13,2503,8809
135,24,4,46,82,27,2,60,11,7911,9432
136,88,61,88,35,17,14,29,40,264,5311
137,74,32,63,26,12,1,64,23,1160,2490
138,84,46,42,43,29,10,52,9,3795,4894
139,34,81,70,2,45,1,24,30,828,8929
140,93,30,24,78,39,5,20,36,1992,5296
141,6,1,1,65,26,47,15,12,675,7698
142,43,52,46,4,7,62,10,21,1564,3815
143,81,34,32,61,19,11,16,54,5843,8395
144,20,65,5,89,26,63,4,7,2650,9647
145,17,1,90,73,39,5,44,12,2360,5602
146,14,55,64,71,22,24,4,50,3139,6076
147,86,1,54,32,8,9,76,7,3202,7906
148,94,79,34,70,10,41,23,26,1844,2217
149,76,3,40,72,20,63,1,16,14,8780
150,18,60,70,25,23,29,29,19,617,6858
151,90,49,63,50,12,17,51,20,342,7717
152,10,67,4,95,5,41,20,34,2351,3956
153,2,86,28,30,4,18,44,34,5856,9416
154,20,40,22,67,18,29,50,3,1121,8674
155,93,57,75,65,47,26,1,26,980,2010
156,1,26,38,8,63,1,15,21,2906,9687
157,97,99,51,25,13,39,15,33,8492,9452
158,97,4,53,27,18,40,9,33,1087,5129
159,33,1,19,81,8,57,26,9,659,6021
160,34,26,14,89,1,71,7,21,1977,3945
161,29,94,13,9,37,5,5,53,6428,6552
162,10,15,40,8,13,38,39,10,5206,9322
163,80,66,70,69,12,62,21,5,4702,8470
164,26,81,58,90,16,61,15,8,6783,7619
165,72,26,97,91,5,18,24,53,4782,5609
166,26,72,54,8,8,66,4,22,4481,8610
167,13,85,80,45,40,2,28,30,2554,7504
168,12,31,38,19,44,5,21,30,2929,3512
169,81,33,3,24,42,38,16,4,1110,8974
170,97,59,44,66,51,14,23,12,5299,5787
171,66,51,58,20,7,76,14,3,2012,3871
172,51,42,23,18,19,36,25,20,4633,8464
173,48,65,78,55,14,55,26,5,137,863
174,99,78,41,68,4,40,30,26,9,8906
175,61,93,31,8,10,41,19,30,5451,6499
176,92,30,18,51,9,41,35,15,1303,3074
177,90,44,17,93,2,17,44,37,2226,9075
178,56,90,9,94,28,14,5,53,1270,8450
179,72,34,17,47,6,18,33,43,3313,8822
180,90,38,79,15,22,20,17,41,3156,4378
181,20,97,28,8,21,6,20,53,5982,9713
182,40,36,85,57,3,59,21,17,2602,5434
183,80,66,98,15,34,23,3,40,1510,6815
184,12,22,70,73,6,40,36,18,3216,4202
185,22,93,32,10,28,35,5,32,1091,3893
186,98,61,12,54,6,24,55,15,4163,9497
187,34,62,94,31,73,12,12,3,1615,5700
188,86,94,5,99,39,38,15,8,3375,8466
189,98,83,17,58,24,7,16,53,5052,9227
190,72,98,1,78,44,19,16,21,5234,5755
191,91,89,11,85,40,12,24,24,3817,5885
192,23,54,10,41,6,36,26,32,4475,8646
193,65,49,76,74,17,10,17,56,630,4215
194,62,18,37,88,63,2,5,30,6231,7175
195,87,21,33,89,46,13,2,39,1374,5502
196,8,45,8,81,63,27,4,6,5787,9346
197,54,64,17,44,78,1,19,2,2931,4533
198,48,79,55,78,72,15,12,1,733,4012
199,50,77,79,6,26,6,13,55,1113,7899
200,15,12,40,95,13,20,46,21,5337,5573
201,18,11,74,95,61,19,19,1,1359,3492
202,17,76,56,19,30,6,46,18,7340,9002
203,37,40,16,92,36,17,17,30,4412,6062
204,11,18,94,48,54,24,8,14,7813,9415
205,98,70,93,8,2,71,17,10,3699,7064
206,49,96,77,84,1,61,7,31,130,6722
207,88,60,2,74,81,13,1,5,3253,6172
208,96,10,81,96,14,51,9,26,7558,8890
209,4,31,5,83,21,31,38,10,803,5117
210,87,92,3,17,67,23,6,4,1982,9531
211,65,27,39,47,11,5,56,28,2715,6613
212,19,29,58,78,36,16,17,31,69,3402
213,28,33,44,78,2,6,62,30,2700,5459
214,6,71,7,9,20,69,7,4,2940,7878
215,6,75,6,34,1,37,8,54,596,7885
216,94,15,67,73,43,28,7,22,2938,4132
217,3,48,76,90,25,15,14,46,5354,6283
218,87,58,77,64,23,43,12,22,6832,7723
219,80,22,30,72,17,54,15,14,1341,6056
220,29,60,69,44,40,2,17,41,3758,9179
221,64,2,95,85,8,43,41,8,860,9018
222,62,8,34,71,68,14,17,1,4349,7911
223,93,44,32,4,23,59,8,10,1808,3794
224,72,17,77,7,25,2,38,35,6464,7545
225,24,96,75,15,25,9,65,1,5551,7528
226,58,66,63,16,17,30,27,26,1513,2300
227,96,72,47,29,32,1,47,20,606,9263
228,27,40,39,90,5,13,11,71,56,1996
229,51,3,65,68,30,10,27,33,1380,8316
230,65,74,38,43,3,13,75,9,3929,4494
231,71,86,69,89,50,6,42,2,2957,5230
232,69,7,8,28,24,42,19,15,829,3115
233,24,70,82,5,7,41,21,31,575,8221
234,62,29,9,14,66,23,3,8,1978,8574
235,36,85,35,50,22,34,28,16,6061,6888
236,14,64,57,66,7,34,38,21,1692,5863
237,69,46,40,36,62,5,21,12,1595,7206
238,69,62,3,52,14,32,27,27,2528,3011
239,31,40,69,33,15,45,10,30,4669,8881
240,10,83,19,35,1,47,47,5,6030,8893
241,25,68,27,41,6,47,6,41,1225,8406
242,10,96,80,4,67,10,10,13,1957,2861
243,69,79,85,25,15,18,27,40,1309,3686
244,29,58,70,97,72,15,7,6,1746,5204
245,27,21,33,59,46,18,26,10,2633,6180
246,73,98,82,77,67,16,9,8,4251,9174
247,37,42,1,52,9,2,75,14,3525,6333
248,15,32,3,17,5,48,15,32,6693,6752
249,92,21,18,46,26,27,31,16,7934,9681
250,10,39,70,93,57,13,3,27,5426,5641
251,85,77,2,1,42,4,19,35,2752,8863
252,38,72,80,52,11,50,16,23,6800,9596
253,18,35,1,24,24,6,44,26,5339,6122
254,53,66,91,50,50,24,11,15,1487,8841
