0,66,15,9,49,48,7,13,32,0
1,18,15,68,15,4,77,11,8,0
2,92,87,4,69,19,46,14,21,0
3,78,20,63,95,61,36,2,1,0
4,75,75,55,15,27,30,22,21,0
5,3,98,39,1,11,11,30,48,0
6,55,42,98,81,12,36,34,18,0
7,58,20,33,55,16,15,6,63,0
8,24,35,51,85,11,37,5,47,0
9,84,3,72,82,34,39,19,8,0
10,17,41,54,66,25,28,35,12,0
11,44,47,84,88,6,14,45,35,0
12,42,14,50,96,19,14,46,21,0
13,64,92,12,16,27,23,39,11,0
14,62,85,93,40,10,17,44,29,0
15,13,56,5,22,1,54,31,14,0
16,52,83,65,43,10,16,8,66,0
17,76,18,90,66,16,51,13,20,0
18,38,76,90,2,14,49,34,3,0
19,59,37,37,63,29,60,2,9,0
20,35,28,69,22,37,38,23,2,0
21,10,26,82,3,16,26,5,53,0
22,37,83,39,26,37,17,29,17,0
23,32,1,27,56,82,6,7,5,0
24,62,17,52,66,11,77,2,10,0
25,15,43,48,21,42,22,10,26,0
26,51,60,74,90,26,42,16,16,0
27,40,42,44,61,1,37,19,43,0
28,59,32,48,21,7,56,10,27,0
29,36,73,26,59,31,20,37,12,0
30,52,93,12,4,68,11,12,9,0
31,26,67,20,59,38,31,10,21,0
32,98,77,94,51,45,2,50,3,0
33,15,21,69,11,25,20,10,45,0
34,15,9,98,95,25,52,8,15,0
35,36,86,48,8,25,7,26,42,0
36,9,75,86,56,41,6,36,17,0
37,27,86,68,80,7,21,21,51,0
38,64,32,3,16,11,50,31,8,0
39,15,14,74,54,73,7,1,19,0
40,44,43,54,74,23,23,41,13,0
41,86,42,14,9,28,4,61,7,0
42,27,2,68,62,14,54,5,27,0
43,45,5,26,71,4,19,27,50,0
44,57,58,16,82,23,15,7,55,0
45,90,43,13,19,22,50,27,1,0
46,39,73,64,25,2,21,58,19,0
47,20,8,74,11,1,39,29,31,0
48,43,95,48,90,31,34,33,2,0
49,63,48,39,15,25,18,43,14,0
50,27,22,14,53,41,17,7,35,0
51,26,50,80,31,12,60,3,25,0
52,54,30,19,10,3,11,84,2,0
53,12,93,44,79,7,20,29,44,0
54,73,93,26,28,39,8,29,24,0
55,90,70,57,87,35,40,14,11,0
56,75,52,93,8,40,26,28,6,0
57,46,45,81,27,32,28,6,34,0
58,25,93,16,50,25,5,43,27,0
59,16,83,76,42,17,22,52,9,0
60,45,58,4,66,52,6,6,36,0
61,24,34,13,96,20,45,10,25,0
62,86,47,74,12,20,19,47,14,0
63,70,98,27,76,80,2,8,10,0
64,95,93,96,55,46,8,8,38,0
65,37,14,47,88,46,34,4,16,0
66,18,36,68,2,28,49,3,20,0
67,47,85,17,39,6,64,24,6,0
68,15,14,90,44,5,40,51,4,0
69,22,53,73,47,41,7,17,35,0
70,43,42,46,54,46,36,7,11,0
71,63,10,95,11,42,31,18,9,0
72,65,32,21,19,49,5,28,18,0
73,28,67,34,15,60,1,13,26,0
74,42,52,50,37,36,34,27,3,0
75,16,74,30,42,38,39,8,15,0
76,25,1,87,93,6,61,14,19,0
77,99,73,88,22,47,17,32,4,0
78,37,14,88,27,4,54,29,13,0
79,63,28,28,56,51,3,38,8,0
80,95,74,56,46,33,27,7,33,0
81,45,82,34,99,22,5,1,72,0
82,15,68,40,98,13,14,4,69,0
83,81,89,30,32,24,16,59,1,0
84,56,55,36,65,32,29,34,5,0
85,44,63,96,84,24,4,53,19,0
86,79,28,58,35,10,18,35,37,0
87,33,62,57,90,28,21,24,27,0
88,11,91,51,30,10,21,31,38,0
89,19,85,48,74,57,15,8,20,0
90,77,8,79,72,49,4,17,30,0
91,48,3,46,84,1,49,5,45,0
92,81,76,44,23,3,8,24,65,0
93,81,89,39,6,16,27,52,5,0
94,23,89,27,8,61,15,13,11,0
95,85,91,2,81,74,13,12,1,0
96,33,40,5,62,44,27,14,15,0
97,68,17,69,16,13,37,37,13,0
98,38,43,87,55,16,8,25,51,0
99,10,58,62,19,7,17,38,38,0
100,31,20,10,87,1,22,65,12,0
101,36,92,46,43,8,3,80,9,0
102,16,80,50,48,4,28,25,43,0
103,95,32,67,24,23,39,20,18,0
104,81,53,45,6,2,16,36,46,0
105,73,60,58,81,33,56,9,2,0
106,22,74,42,54,9,31,35,25,0
107,20,29,28,89,24,19,3,54,0
108,76,26,66,62,30,22,34,14,0
109,32,90,25,40,3,55,40,2,0
110,73,89,99,13,1,2,89,8,0
111,81,7,27,32,15,52,7,26,0
112,43,49,55,43,39,1,18,42,0
113,44,1,17,30,13,62,13,12,0
114,37,70,18,5,57,26,10,7,0
115,13,92,13,17,31,20,10,39,0
116,12,78,36,97,24,11,20,45,0
117,87,20,24,83,27,6,52,15,0
118,84,82,48,4,22,17,5,56,0
119,10,13,58,14,63,34,2,1,0
120,83,1,64,13,55,12,20,13,0
121,87,90,13,65,21,5,64,10,0
122,10,82,67,8,5,53,19,23,0
123,15,46,45,49,27,36,1,36,0
124,96,95,85,23,13,53,2,32,0
125,27,13,9,39,27,37,5,31,0
126,25,96,3,40,48,9,38,5,0
127,94,43,99,74,14,4,45,37,0
128,71,20,4,70,21,41,25,13,0
129,30,81,81,9,49,23,12,16,0
130,73,39,48,9,59,13,12,16,0
131,66,81,62,80,30,42,24,4,0
132,70,50,58,15,21,25,8,46,0
133,81,19,15,83,24,59,13,4,0
134,37,33,11,71,11,35,13,41,0
135,64,94,17,84,32,38,28,2,0
136,77,75,54,50,35,8,14,43,0
137,56,60,70,59,34,37,24,5,0
138,92,50,96,69,42,19,32,7,0
139,16,45,15,56,46,1,21,32,0
140,48,91,22,36,18,32,5,45,0
141,60,44,30,93,11,26,41,22,0
142,4,17,65,99,71,6,21,2,0
143,19,58,19,48,43,52,4,1,0
144,47,14,38,16,36,19,13,32,0
145,94,68,57,81,15,2,3,80,0
146,82,30,86,9,9,14,71,6,0
147,14,59,19,66,3,30,14,53,0
148,89,64,67,53,42,26,1,31,0
149,23,84,73,12,67,27,3,3,0
150,17,46,50,62,20,54,11,15,0
151,50,1,4,2,12,4,11,73,0
152,74,52,81,51,41,25,26,8,0
153,61,87,91,38,26,46,7,21,0
154,67,24,58,91,34,3,56,7,0
155,5,7,14,14,68,29,1,2,0
156,11,53,70,82,57,20,4,19,0
157,98,76,47,84,58,24,11,7,0
158,10,22,63,64,3,45,32,20,0
159,23,15,53,54,5,33,21,41,0
160,84,36,83,12,37,23,14,26,0
161,10,65,48,78,16,4,77,3,0
162,20,46,93,70,7,9,16,68,0
163,14,58,54,4,25,10,14,51,0
164,84,63,39,13,56,21,22,1,0
165,98,30,79,99,56,6,24,14,0
166,95,10,40,72,53,22,7,18,0
167,11,57,16,64,31,26,30,13,0
168,91,29,62,97,12,17,1,70,0
169,96,66,83,74,38,39,8,15,0
170,35,94,94,15,21,52,2,25,0
171,76,56,5,15,41,17,16,26,0
172,85,95,30,24,8,16,41,35,0
173,96,20,8,17,27,11,41,21,0
174,93,76,72,44,27,1,43,29,0
175,91,54,93,17,69,11,6,14,0
176,29,72,91,88,27,6,28,39,0
177,61,53,39,23,33,11,36,20,0
178,45,4,92,69,6,70,20,4,0
179,69,53,37,57,14,4,35,47,0
180,63,23,35,92,4,66,2,28,0
181,25,55,29,42,1,8,43,48,0
182,13,71,13,86,2,3,34,61,0
183,69,42,44,59,20,19,19,42,0
184,31,45,1,90,10,23,49,18,0
185,27,41,37,17,3,36,58,3,0
186,78,64,21,66,17,34,21,28,0
187,52,2,7,62,29,12,1,58,0
188,90,89,76,56,16,10,48,26,0
189,14,34,29,43,8,40,41,11,0
190,89,70,11,21,14,15,54,17,0
191,9,32,26,56,18,4,19,59,0
192,25,88,12,43,44,16,5,35,0
193,9,85,25,4,51,18,20,11,0
194,60,37,44,9,38,21,6,35,0
195,86,38,23,66,13,6,41,40,0
196,9,52,95,41,15,21,3,61,0
197,72,63,36,52,70,5,15,10,0
198,57,46,97,97,4,36,18,42,0
199,90,45,48,12,23,30,12,35,0
200,52,58,79,25,11,16,8,65,0
201,2,54,4,49,2,71,26,1,0
202,83,3,81,77,7,23,36,34,0
203,21,21,61,76,1,42,13,44,0
204,63,36,62,28,56,1,36,7,0
205,35,81,31,20,11,36,52,1,0
206,11,51,46,10,23,6,59,12,0
207,18,10,66,61,29,14,39,18,0
208,55,27,96,14,8,21,23,48,0
209,26,73,24,83,16,12,12,60,0
210,11,60,73,96,8,30,39,23,0
211,72,59,15,77,42,34,16,8,0
212,61,60,72,90,52,36,11,1,0
213,10,34,86,30,4,6,65,25,0
214,58,18,40,65,25,21,25,29,0
215,83,85,78,16,45,14,31,10,0
216,16,31,15,29,25,7,21,47,0
217,32,23,3,59,7,8,2,83,0
218,49,65,94,56,67,20,4,9,0
219,20,33,94,35,10,11,64,15,0
220,13,50,34,33,34,40,18,8,0
221,23,6,30,90,19,66,2,13,0
222,52,96,51,57,18,45,5,32,0
223,7,74,97,84,9,34,19,38,0
224,9,47,70,98,55,3,32,10,0
225,30,56,77,6,6,33,52,9,0
226,96,79,61,15,4,11,49,36,0
227,7,15,38,8,28,4,22,46,0
228,22,54,54,36,8,17,20,55,0
229,50,12,86,47,31,41,10,18,0
230,31,98,87,2,24,21,6,49,0
231,48,88,72,42,12,3,55,30,0
232,41,7,57,4,17,54,15,14,0
233,56,58,99,90,23,10,64,3,0
234,52,64,42,22,16,19,12,53,0
235,29,68,54,99,5,31,49,15,0
236,82,20,15,71,47,9,39,5,0
237,27,95,14,24,6,89,4,1,0
238,93,21,93,93,7,79,6,8,0
239,12,63,41,76,1,7,76,16,0
240,87,28,27,99,44,7,48,1,0
241,25,33,16,25,35,49,5,11,0
242,35,1,2,32,87,7,2,4,0
243,30,72,52,37,2,11,28,59,0
244,68,60,78,3,8,38,12,42,0
245,53,2,60,59,64,8,20,8,0
246,8,85,47,63,17,43,33,7,0
247,27,94,68,16,40,1,35,24,0
248,69,40,8,64,15,14,68,3,0
249,26,13,21,14,27,29,33,11,0
250,87,19,11,74,33,16,50,1,0
251,87,74,66,47,20,43,35,2,0
252,53,32,75,98,2,36,12,50,0
253,69,22,43,41,33,20,35,12,0
254,71,63,17,47,17,8,8,67,0
255,55,16,94,82,31,13,32,24,0
